Readers:,5,
Writers:,5,
,,
Run1 / 10,,
,POST 0,POST 1,POST 2,POST 3,POST 4,READ 0,READ 1,READ 2,READ 3,READ 4,,
Second 0,47138,46593,33781,30985,47885,47138,46593,33781,30985,47885,
Second 1,49231,49655,34992,32803,48821,49231,49655,34992,32803,48821,
Second 2,48656,48717,37930,39971,49577,48656,48717,37930,39971,49577,
Second 3,50007,49252,37558,35254,49860,50007,49252,37558,35254,49860,
Second 4,49921,49834,38896,38335,49748,49921,49834,38896,38335,49748,
Second 5,48994,49300,38624,38752,49598,48994,49300,38624,38752,49598,
Second 6,50389,49499,35547,40879,49208,50389,49499,35547,40879,49208,
Second 7,49376,50266,36822,37630,48704,49376,50266,36822,37630,48704,
Second 8,42339,42293,37846,36364,49191,42339,42293,37846,36364,49191,
Second 9,42038,43798,41431,44361,59134,42038,43798,41431,44361,59134,
,,
,,
Total poster requests:,2174114,
Average requests per poster thread:,434822,
Total reader requests:,2207783,
Average requests per reader thread:,441556,
Total requests:,4381897,
Average requests per thread:,438189,
Average requests per thread per second:,43818,
,,
,,
,,
Readers:,5,
Writers:,5,
,,
Run1 / 10,,
,POST 0,POST 1,POST 2,POST 3,POST 4,READ 0,READ 1,READ 2,READ 3,READ 4,,
Second 0,49278,47864,37093,42872,22928,49278,47864,37093,42872,22928,
Second 1,48861,49030,33737,43032,38639,48861,49030,33737,43032,38639,
Second 2,47108,46494,35234,42471,39729,47108,46494,35234,42471,39729,
Second 3,49715,49867,35646,42504,40477,49715,49867,35646,42504,40477,
Second 4,50223,49719,37593,42202,39768,50223,49719,37593,42202,39768,
Second 5,48128,48262,38922,43189,40566,48128,48262,38922,43189,40566,
Second 6,50333,50267,39312,43228,41497,50333,50267,39312,43228,41497,
Second 7,49789,49949,38030,43061,38105,49789,49949,38030,43061,38105,
Second 8,49676,49672,38346,43158,37410,49676,49672,38346,43158,37410,
Second 9,49519,52242,46396,56518,54397,49519,52242,46396,56518,54397,
,,
,,
Total poster requests:,2243045,
Average requests per poster thread:,448609,
Total reader requests:,2202056,
Average requests per reader thread:,440411,
Total requests:,4445101,
Average requests per thread:,444510,
Average requests per thread per second:,44450,
,,
,,
,,
Readers:,5,
Writers:,5,
,,
Run2 / 10,,
,POST 0,POST 1,POST 2,POST 3,POST 4,READ 0,READ 1,READ 2,READ 3,READ 4,,
Second 0,50270,50160,41355,41463,50325,50270,50160,41355,41463,50325,
Second 1,49203,49666,42016,42557,49351,49203,49666,42016,42557,49351,
Second 2,47605,48001,41338,41421,48702,47605,48001,41338,41421,48702,
Second 3,48942,49305,40040,39342,49221,48942,49305,40040,39342,49221,
Second 4,48424,49210,37802,40018,50184,48424,49210,37802,40018,50184,
Second 5,49216,48987,41614,41419,48975,49216,48987,41614,41419,48975,
Second 6,48408,48625,42454,42619,49374,48408,48625,42454,42619,49374,
Second 7,48175,48716,42079,42047,48859,48175,48716,42079,42047,48859,
Second 8,49408,50029,40850,40682,49341,49408,50029,40850,40682,49341,
Second 9,50106,50364,40477,43532,52326,50106,50364,40477,43532,52326,
,,
,,
Total poster requests:,2277312,
Average requests per poster thread:,455462,
Total reader requests:,2304603,
Average requests per reader thread:,460920,
Total requests:,4581915,
Average requests per thread:,458191,
Average requests per thread per second:,45817,
,,
,,
,,
Readers:,5,
Writers:,5,
,,
Run3 / 10,,
,POST 0,POST 1,POST 2,POST 3,POST 4,READ 0,READ 1,READ 2,READ 3,READ 4,,
Second 0,48618,48812,41115,40199,49522,48618,48812,41115,40199,49522,
Second 1,48754,49171,40079,38194,49042,48754,49171,40079,38194,49042,
Second 2,46330,46584,38572,37889,49569,46330,46584,38572,37889,49569,
Second 3,48249,48080,38989,40084,49670,48249,48080,38989,40084,49670,
Second 4,49108,49394,41807,40933,49777,49108,49394,41807,40933,49777,
Second 5,50060,49866,42209,40665,50001,50060,49866,42209,40665,50001,
Second 6,50103,49947,39821,40744,50466,50103,49947,39821,40744,50466,
Second 7,50407,50161,42090,39683,49507,50407,50161,42090,39683,49507,
Second 8,49089,50172,40682,41743,49748,49089,50172,40682,41743,49748,
Second 9,50242,50234,40835,43558,53439,50242,50234,40835,43558,53439,
,,
,,
Total poster requests:,2257477,
Average requests per poster thread:,451495,
Total reader requests:,2294013,
Average requests per reader thread:,458802,
Total requests:,4551490,
Average requests per thread:,455149,
Average requests per thread per second:,45514,
,,
,,
,,
Readers:,5,
Writers:,5,
,,
Run4 / 10,,
,POST 0,POST 1,POST 2,POST 3,POST 4,READ 0,READ 1,READ 2,READ 3,READ 4,,
Second 0,49944,49999,43310,40921,49452,49944,49999,43310,40921,49452,
Second 1,49121,49760,40148,40081,49190,49121,49760,40148,40081,49190,
Second 2,49323,49479,41077,41166,49732,49323,49479,41077,41166,49732,
Second 3,49765,49604,41991,41063,49625,49765,49604,41991,41063,49625,
Second 4,50025,50405,40726,41415,49463,50025,50405,40726,41415,49463,
Second 5,49111,50138,41486,40549,48843,49111,50138,41486,40549,48843,
Second 6,50316,49164,39014,41334,48969,50316,49164,39014,41334,48969,
Second 7,50471,49664,41178,39188,49788,50471,49664,41178,39188,49788,
Second 8,49246,48541,41949,42505,48499,49246,48541,41949,42505,48499,
Second 9,49424,49088,42839,44433,51795,49424,49088,42839,44433,51795,
,,
,,
Total poster requests:,2281534,
Average requests per poster thread:,456306,
Total reader requests:,2314317,
Average requests per reader thread:,462863,
Total requests:,4595851,
Average requests per thread:,459585,
Average requests per thread per second:,45958,
,,
,,
,,
Readers:,5,
Writers:,5,
,,
Run5 / 10,,
,POST 0,POST 1,POST 2,POST 3,POST 4,READ 0,READ 1,READ 2,READ 3,READ 4,,
Second 0,49954,49680,41017,41363,48813,49954,49680,41017,41363,48813,
Second 1,49572,49626,41942,39715,49351,49572,49626,41942,39715,49351,
Second 2,49045,48916,41625,41208,50095,49045,48916,41625,41208,50095,
Second 3,49421,49823,41417,41177,49505,49421,49823,41417,41177,49505,
Second 4,49495,49731,40409,42184,49688,49495,49731,40409,42184,49688,
Second 5,49936,50167,39570,40233,49506,49936,50167,39570,40233,49506,
Second 6,49096,49496,40690,40367,49285,49096,49496,40690,40367,49285,
Second 7,49484,49174,40516,42754,49144,49484,49174,40516,42754,49144,
Second 8,48435,48799,41587,42899,48755,48435,48799,41587,42899,48755,
Second 9,49753,49533,42853,44523,51657,49753,49533,42853,44523,51657,
,,
,,
Total poster requests:,2282485,
Average requests per poster thread:,456497,
Total reader requests:,2312984,
Average requests per reader thread:,462596,
Total requests:,4595469,
Average requests per thread:,459546,
Average requests per thread per second:,45954,
,,
,,
,,
Readers:,5,
Writers:,5,
,,
Run6 / 10,,
,POST 0,POST 1,POST 2,POST 3,POST 4,READ 0,READ 1,READ 2,READ 3,READ 4,,
Second 0,49348,49865,42683,38783,49324,49348,49865,42683,38783,49324,
Second 1,50316,49981,41643,41252,49548,50316,49981,41643,41252,49548,
Second 2,49523,49910,39676,40760,50626,49523,49910,39676,40760,50626,
Second 3,50509,50305,39928,40167,50243,50509,50305,39928,40167,50243,
Second 4,50255,50485,40697,39667,50225,50255,50485,40697,39667,50225,
Second 5,50204,50349,39972,41662,50131,50204,50349,39972,41662,50131,
Second 6,50418,50025,39737,40924,50022,50418,50025,39737,40924,50022,
Second 7,50036,49672,38944,40276,49567,50036,49672,38944,40276,49567,
Second 8,49683,50303,39444,37995,50248,49683,50303,39444,37995,50248,
Second 9,50596,50609,41630,42074,52615,50596,50609,41630,42074,52615,
,,
,,
Total poster requests:,2277459,
Average requests per poster thread:,455491,
Total reader requests:,2312855,
Average requests per reader thread:,462571,
Total requests:,4590314,
Average requests per thread:,459031,
Average requests per thread per second:,45903,
,,
,,
,,
Readers:,5,
Writers:,5,
,,
Run7 / 10,,
,POST 0,POST 1,POST 2,POST 3,POST 4,READ 0,READ 1,READ 2,READ 3,READ 4,,
Second 0,49471,49228,42218,41768,49750,49471,49228,42218,41768,49750,
Second 1,49423,48665,40854,41399,49326,49423,48665,40854,41399,49326,
Second 2,48705,48817,40629,41047,49261,48705,48817,40629,41047,49261,
Second 3,49265,48973,41279,40877,49667,49265,48973,41279,40877,49667,
Second 4,48842,49279,41624,42001,49216,48842,49279,41624,42001,49216,
Second 5,49014,49031,39636,42135,49293,49014,49031,39636,42135,49293,
Second 6,49379,48660,41698,42313,49295,49379,48660,41698,42313,49295,
Second 7,48446,48515,42249,43060,48499,48446,48515,42249,43060,48499,
Second 8,48034,48708,41971,42424,48715,48034,48708,41971,42424,48715,
Second 9,47760,49298,42569,43990,51533,47760,49298,42569,43990,51533,
,,
,,
Total poster requests:,2273301,
Average requests per poster thread:,454660,
Total reader requests:,2307809,
Average requests per reader thread:,461561,
Total requests:,4581110,
Average requests per thread:,458111,
Average requests per thread per second:,45811,
,,
,,
,,
Readers:,5,
Writers:,5,
,,
Run8 / 10,,
,POST 0,POST 1,POST 2,POST 3,POST 4,READ 0,READ 1,READ 2,READ 3,READ 4,,
Second 0,49349,49060,43385,41903,48815,49349,49060,43385,41903,48815,
Second 1,49489,49836,40182,41339,49267,49489,49836,40182,41339,49267,
Second 2,49084,49215,40957,40841,49701,49084,49215,40957,40841,49701,
Second 3,49512,49043,42099,42551,49695,49512,49043,42099,42551,49695,
Second 4,49958,49619,40544,42068,49095,49958,49619,40544,42068,49095,
Second 5,49751,50012,39620,40087,49932,49751,50012,39620,40087,49932,
Second 6,50118,49668,38746,38641,49865,50118,49668,38746,38641,49865,
Second 7,48969,49169,41299,41819,48884,48969,49169,41299,41819,48884,
Second 8,48135,48174,42770,43108,49057,48135,48174,42770,43108,49057,
Second 9,48802,49209,44030,45383,51020,48802,49209,44030,45383,51020,
,,
,,
Total poster requests:,2262272,
Average requests per poster thread:,452454,
Total reader requests:,2312875,
Average requests per reader thread:,462575,
Total requests:,4575147,
Average requests per thread:,457514,
Average requests per thread per second:,45751,
,,
,,
,,
Readers:,5,
Writers:,5,
,,
Run9 / 10,,
,POST 0,POST 1,POST 2,POST 3,POST 4,READ 0,READ 1,READ 2,READ 3,READ 4,,
Second 0,48982,49424,42650,41366,48786,48982,49424,42650,41366,48786,
Second 1,49643,49179,39758,40528,48996,49643,49179,39758,40528,48996,
Second 2,48697,48905,41058,40648,49174,48697,48905,41058,40648,49174,
Second 3,49082,49418,41076,41710,48963,49082,49418,41076,41710,48963,
Second 4,49370,48961,41221,41728,49215,49370,48961,41221,41728,49215,
Second 5,49255,49623,40436,41559,49469,49255,49623,40436,41559,49469,
Second 6,49465,49099,40468,41774,49541,49465,49099,40468,41774,49541,
Second 7,48771,48973,41273,41883,49364,48771,48973,41273,41883,49364,
Second 8,48746,49447,41086,41378,49465,48746,49447,41086,41378,49465,
Second 9,49435,49687,42009,43762,52404,49435,49687,42009,43762,52404,
,,
,,
Total poster requests:,2270670,
Average requests per poster thread:,454134,
Total reader requests:,2306910,
Average requests per reader thread:,461382,
Total requests:,4577580,
Average requests per thread:,457758,
Average requests per thread per second:,45775,
,,
,,
,,
Readers:,5,
Writers:,5,
,,
Run10 / 10,,
,POST 0,POST 1,POST 2,POST 3,POST 4,READ 0,READ 1,READ 2,READ 3,READ 4,,
Second 0,49174,49206,42582,42489,48714,49174,49206,42582,42489,48714,
Second 1,49598,49500,41480,41327,49450,49598,49500,41480,41327,49450,
Second 2,49716,50274,40749,38820,49203,49716,50274,40749,38820,49203,
Second 3,49960,50050,39994,39521,49579,49960,50050,39994,39521,49579,
Second 4,49903,50082,40518,38799,49319,49903,50082,40518,38799,49319,
Second 5,50285,50171,40248,39103,50123,50285,50171,40248,39103,50123,
Second 6,50082,49475,39095,39639,50161,50082,49475,39095,39639,50161,
Second 7,50169,49857,39878,41582,49726,50169,49857,39878,41582,49726,
Second 8,48378,49196,41738,40727,48831,48378,49196,41738,40727,48831,
Second 9,48997,48724,43314,45441,51059,48997,48724,43314,45441,51059,
,,
,,
Total poster requests:,2272678,
Average requests per poster thread:,454535,
Total reader requests:,2306006,
Average requests per reader thread:,461201,
Total requests:,4578684,
Average requests per thread:,457868,
Average requests per thread per second:,45786,
,,
,,
,,
